nPoints = 300000000
PI = 3.141619
Runtime of serial (omp): 11.116374s
