nPoints = 300 000 000
PI = 3.141717
Runtime of multithreads (5 threads): 2.550838s